RUNNING LIMIT: 5 sec.
--------------------------------------------------------------------------------------------
Entry No.   0
  RandomWalk
  時間いっぱいにランダムな解を大量に生成して一番スコアがよいものを選ぶ
Entry No.   1
  LotsOfChoices-1
  次の手で選択肢が一番多くなる手を選ぶ (1テストケースあたり数秒以上かけないと解が求まらないことがある)
Entry No.   2
  LotsOfChoices-2
  次の次の手で選択肢が一番多くなる手を選ぶ (1テストケースあたり2分以上かけないと解が求まらない…)
Entry No.   3
  FewerChoices
  次の手で選択肢が１つ以上ある手の中から一番少ない選択肢になる手を選ぶ
Entry No.   4
  MiddleChoices
  次の手で選択肢が１つ以上ある手の中からをその数の大きさ順で中央の位置になる手を選ぶ
Entry No.   5
  First
  合計10になる選択のしかたで最初に見つかったものを選んでいくだけ
Entry No.   6
  Sampling-3-5
  選択肢から最大3個選び、それぞれ5個のランダム解を生成し、平均スコアの高かったものを選ぶ
Entry No.   7
  Sampling-5-5
  選択肢から最大5個選び、それぞれ5個のランダム解を生成し、平均スコアの高かったものを選ぶ
Entry No.   8
  Sampling-5-10
  選択肢から最大5個選び、それぞれ10個のランダム解を生成し、平均スコアの高かったものを選ぶ
Entry No.   9
  Sampling-10-10
  選択肢から最大10個選び、それぞれ10個のランダム解を生成し、平均スコアの高かったものを選ぶ
Entry No.  10
  Sampling-15-10
  選択肢から最大15個選び、それぞれ10個のランダム解を生成し、平均スコアの高かったものを選ぶ
--------------------------------------------------------------------------------------------
                 ENTRY NO:    0    1    2    3    4    5    6    7    8    9   10
=================================================================================
[  1] SEED  5531, MAX 220:  190  160   10   80  170  140  180  200  220  220  220
[  2] SEED  5531, MAX 220:  180  160   10   80  170  140  180  200  200  220  220
[  3] SEED  5531, MAX 240:  190  160   10   80  170  140  190  200  190  240  230
[  4] SEED  5531, MAX 220:  200  160   10   80  170  140  190  200  210  220  190
[  5] SEED  5531, MAX 230:  180  160   10   80  170  140  190  180  190  220  230
[  6] SEED  5531, MAX 220:  190  160   10   80  170  140  190  180  180  200  220
[  7] SEED  5531, MAX 230:  190  160   10   80  170  140  190  190  200  230  200
[  8] SEED  5531, MAX 220:  190  160   10   80  170  140  190  190  190  220  210
[  9] SEED  5531, MAX 230:  200  160   10   80  170  140  190  180  210  230  210
[ 10] SEED  5531, MAX 220:  190  160   10   80  170  140  200  180  210  220  220
=================================================================================
                MIN SCORE:  180  160   10   80  170  140  180  180  180  200  190
                MAX SCORE:  200  160   10   80  170  140  200  200  220  240  230
            AVERAGE SCORE:  190  160   10   80  170  140  189  190  200  222  215
           *AVERAGE SCORE:  190  160   10   80  170  140  189  190  200  222  215
--------------------------------------------------------------------------------------------
SEED: 5531
----------------------------------------------
  5  1  0  7  1  8  5  5
  6  4  3  5  3  5  4  6
  2  0  4  8  2  9  2  6
  6  2  7  2  9  9  0  1
  6  5  3  7  1  0  9  3
  7  9  0  1  4  3  1  9
  4  4  0  8  2  3  2  8
  1  8  7  6  7  0  3  8
----------------------------------------------
BEST SOLUTION (SCORE 240 )
----------------------------------------------
Steps: 0
Score: 0
  5  1  0  7  1  8  5  5
  6  4  3  5  3  5  4  6
  2  0  4 *8 *2  9  2  6
  6  2  7  2  9  9  0  1
  6  5  3  7  1  0  9  3
  7  9  0  1  4  3  1  9
  4  4  0  8  2  3  2  8
  1  8  7  6  7  0  3  8
----------------------------------------------
Steps: 1
Score: 10
  5  1  0 11 11  8  5  5
  6  4  3  7  1  5  4  6
  2  0  4  5  3  9  2  6
  6  2  7  2  9  9  0  1
  6  5  3  7  1  0  9  3
  7  9  0  1  4  3 *1 *9
  4  4  0  8  2  3  2  8
  1  8  7  6  7  0  3  8
----------------------------------------------
Steps: 2
Score: 20
  5  1  0 11 11  8  5  5
  6  4  3  7  1  5  4  6
  2  0  4  5  3  9  2  6
  6  2  7  2  9  9  0  1
  6  5  3  7  1  0  9  3
  7  9  0  1  4  3 11 11
  4  4  0 *8 *2  3  2  8
  1  8  7  6  7  0  3  8
----------------------------------------------
Steps: 3
Score: 30
  5  1  0 11 11  8  5  5
  6  4  3  7  1  5  4  6
  2  0  4  5  3  9  2  6
  6  2  7  2  9  9  0  1
  6  5  3  7  1  0  9  3
  7  9  0  1  4  3 11 11
  4  4  0  6 *7 *3  2  8
  1  8  7 11 11 *0  3  8
----------------------------------------------
Steps: 4
Score: 40
  5  1  0 11 11  8  5  5
  6  4  3  7  1  5  4  6
  2  0  4  5  3  9  2  6
  6  2  7  2 *9  9  0  1
  6  5  3  7 *1  0  9  3
  7  9  0  1  4  3 11 11
 11 11  4  4  0  6  2  8
 11  1  8  7 11 11  3  8
----------------------------------------------
Steps: 5
Score: 50
  5  1  0 11 11  8  5  5
  6  4  3  7 11  5  4  6
  2  0  4  5 11  9  2  6
  6  2  7  2  1  9  0  1
  6  5 *3 *7  3  0  9  3
  7  9  0  1  4  3 11 11
 11 11  4  4  0  6  2  8
 11  1  8  7 11 11  3  8
----------------------------------------------
Steps: 6
Score: 60
  5  1  0 11 11  8  5  5
  6  4  3  7 11  5  4  6
  2  0  4  5 11  9  2  6
  6  2  7  2  1  9  0  1
  6  5  3  0  9  3 11 11
  7  9  0  1  4  3 11 11
 11 11  4 *4 *0 *6  2  8
 11  1  8  7 11 11  3  8
----------------------------------------------
Steps: 7
Score: 70
  5  1  0 11 11  8  5  5
  6  4  3  7 11  5  4  6
  2  0  4  5 11  9  2  6
  6 *2  7  2  1  9  0  1
  6 *5 *3  0  9  3 11 11
  7  9 *0  1  4  3 11 11
 11 11  4  7 11 11  2  8
 11  1  8 11 11 11  3  8
----------------------------------------------
Steps: 8
Score: 80
  5  1  0 11 11  8  5  5
  6  4  3  7 11  5  4  6
  2  0  4  5 11  9  2  6
 11  6  7  2  1  9  0  1
 11 11  6  0  9  3 11 11
 11  7 *9 *1  4  3 11 11
 11 11  4  7 11 11  2  8
 11  1  8 11 11 11  3  8
----------------------------------------------
Steps: 9
Score: 90
  5  1 11 11 11  8  5  5
  6  4  0 11 11  5  4  6
  2  0  3  7 11  9  2  6
 11  6  4  5 *1 *9  0  1
 11 11  7  2  9  3 11 11
 11  7  6  0  4  3 11 11
 11 11  4  7 11 11  2  8
 11  1  8 11 11 11  3  8
----------------------------------------------
Steps: 10
Score: 100
  5  1 11 11 11  8  5  5
  6  4  0 11 11  5  4  6
  2 *0  3  7 11  9  2  6
 11 *6 *4  5  0  1 11 11
 11 11  7  2  9  3 11 11
 11  7  6  0  4  3 11 11
 11 11  4  7 11 11  2  8
 11  1  8 11 11 11  3  8
----------------------------------------------
Steps: 11
Score: 110
  5  1 11 11 11  8  5  5
  6  4  0 11 11  5  4  6
  2 11 *3 *7 11  9  2  6
 11  7  7  5  0  1 11 11
 11 11  6  2  9  3 11 11
 11  1  4  0  4  3 11 11
 11 11  8  7 11 11  2  8
 11 11 11 11 11 11  3  8
----------------------------------------------
Steps: 12
Score: 120
  5  1 11 11 11  8  5  5
 *6 *4  0 11 11  5  4  6
 11 11  2 11 11  9  2  6
 11  7  7  5  0  1 11 11
 11 11  6  2  9  3 11 11
 11  1  4  0  4  3 11 11
 11 11  8  7 11 11  2  8
 11 11 11 11 11 11  3  8
----------------------------------------------
Steps: 13
Score: 130
 11 11 11 11 11  8  5  5
  5  1  0 11 11  5  4  6
 11 11  2 11 11  9  2  6
 11  7  7  5  0  1 11 11
 11 11 *6  2  9  3 11 11
 11  1 *4  0  4  3 11 11
 11 11  8  7 11 11  2  8
 11 11 11 11 11 11  3  8
----------------------------------------------
Steps: 14
Score: 140
 11 11 11 11 11  8  5  5
  5  1  0 11 11  5  4  6
 11 11  2 11 11  9  2  6
 11  7  7  5  0  1 11 11
 11 11 *2  9  3 11 11 11
 11  1 *0  4  3 11 11 11
 11 11 *8  7 11 11  2  8
 11 11 11 11 11 11  3  8
----------------------------------------------
Steps: 15
Score: 150
 11 11 11 11 11  8  5  5
  5 *1 *0 11 11  5  4  6
 11 11 *2 11 11  9  2  6
 11  7 *7  5  0  1 11 11
 11 11 11  9  3 11 11 11
 11  1 11  4  3 11 11 11
 11 11 11  7 11 11  2  8
 11 11 11 11 11 11  3  8
----------------------------------------------
Steps: 16
Score: 160
 11 11 11 11 11  8  5  5
 11 11  5 11 11  5  4  6
 11 11 11 11 11 *9  2  6
 11 11  7  5  0 *1 11 11
 11 11 11  9  3 11 11 11
 11  1 11  4  3 11 11 11
 11 11 11  7 11 11  2  8
 11 11 11 11 11 11  3  8
----------------------------------------------
Steps: 17
Score: 170
 11 11 11 11 11 11  5  5
 11 11  5 11 11 11  4  6
 11 11 11 11 11  8  2  6
 11 11  7 *5 *0 *5 11 11
 11 11 11  9  3 11 11 11
 11  1 11  4  3 11 11 11
 11 11 11  7 11 11  2  8
 11 11 11 11 11 11  3  8
----------------------------------------------
Steps: 18
Score: 180
 11 11 11 11 11 11 *5 *5
 11 11  5 11 11 11  4  6
 11 11 11 11 11  8  2  6
 11 11  7 11 11 11 11 11
 11 11 11  9  3 11 11 11
 11  1 11  4  3 11 11 11
 11 11 11  7 11 11  2  8
 11 11 11 11 11 11  3  8
----------------------------------------------
Steps: 19
Score: 190
 11 11 11 11 11 11  4  6
 11 11  5 11 11 11  2  6
 11 11 11 11 11  8 11 11
 11 11  7 11 11 11 11 11
 11 11 11  9  3 11 11 11
 11  1 11  4  3 11 *2 *8
 11 11 11  7 11 11  3  8
 11 11 11 11 11 11 11 11
----------------------------------------------
Steps: 20
Score: 200
 11 11 11 11 11 11 *4 *6
 11 11  5 11 11 11  2  6
 11 11 11 11 11  8 11 11
 11 11  7 11 11 11 11 11
 11 11 11  9  3 11 11 11
 11 11 11  1 11  4  3 11
 11 11 11  7 11 11  3  8
 11 11 11 11 11 11 11 11
----------------------------------------------
Steps: 21
Score: 210
 11 11 11 11 11 11 11 11
 11 11  5 11 11 11  2  6
 11 11 11 11 11  8 11 11
 11 11  7 11 11 11 11 11
 11 11 11  9  3 11 11 11
 11 11 11  1 11 *4 *3 11
 11 11 11  7 11 11 *3  8
 11 11 11 11 11 11 11 11
----------------------------------------------
Steps: 22
Score: 220
 11 11 11 11 11 11 11 11
 11 11  5 11 11 11  2  6
 11 11 11 11 11  8 11 11
 11 11  7 11 11 11 11 11
 11 11 11 *9  3 11 11 11
 11 11 11 *1 11 11 11 11
 11 11 11  7 11 11  8 11
 11 11 11 11 11 11 11 11
----------------------------------------------
Steps: 23
Score: 230
 11 11 11 11 11 11 11 11
 11 11  5 11 11 11  2  6
 11 11 11 11 11  8 11 11
 11 11  7 11 11 11 11 11
 11 11 11 *7 *3 11 11 11
 11 11 11 11 11 11 11 11
 11 11 11 11 11 11  8 11
 11 11 11 11 11 11 11 11
----------------------------------------------
Steps: 24
Score: 240
 11 11 11 11 11 11 11 11
 11 11  5 11 11 11  2  6
 11 11 11 11 11  8 11 11
 11 11  7 11 11 11 11 11
 11 11 11 11 11 11 11 11
 11 11 11 11 11 11 11 11
 11 11 11 11 11 11  8 11
 11 11 11 11 11 11 11 11
----------------------------------------------
