SEED: 5531
---------------------------------------------------------------------------------------
  5  1  0  7  1  8  5  5
  6  4  3  5  3  5  4  6
  2  0  4  8  2  9  2  6
  6  2  7  2  9  9  0  1
  6  5  3  7  1  0  9  3
  7  9  0  1  4  3  1  9
  4  4  0  8  2  3  2  8
  1  8  7  6  7  0  3  8
---------------------------------------------------------------------------------------
TIME: 43m22.6198396s
---------------------------------------------------------------------------------------
BEST SOLUTION (SCORE 230 )
---------------------------------------------------------------------------------------
Steps: 0
Score: 0
 *5 *1 *0  7  1  8  5  5
  6 *4  3  5  3  5  4  6
  2  0  4  8  2  9  2  6
  6  2  7  2  9  9  0  1
  6  5  3  7  1  0  9  3
  7  9  0  1  4  3  1  9
  4  4  0  8  2  3  2  8
  1  8  7  6  7  0  3  8
---------------------------------------------------------------------------------------
Steps: 1
Score: 10
 11 11 11  7  1  8  5  5
  6 11  3  5  3  5  4  6
  2  0  4  8  2  9  2  6
  6  2  7  2  9  9  0  1
  6  5  3  7  1  0  9  3
  7  9  0 *1 *4 *3  1  9
  4  4  0  8 *2  3  2  8
  1  8  7  6  7  0  3  8
---------------------------------------------------------------------------------------
Steps: 2
Score: 20
 11 11 11  7  1  8  5  5
  6 11  3  5  3  5  4  6
  2  0  4 *8 *2  9  2  6
  6  2  7  2  9  9  0  1
  6  5  3  7  1  0  9  3
  7  9  0  1  9 11 11 11
  4  4  0  8  3  2  8 11
  1  8  7  6  7  0  3  8
---------------------------------------------------------------------------------------
Steps: 3
Score: 30
 11 11 11  7  1  8  5  5
  6 11  3  5  3  5  4  6
  2  0  4  2  9  9  2  6
  6  2  7  7  1  9  0  1
  6  5  3  1  9  0  9  3
  7  9  0  8  3 11 11 11
  4  4  0  6  7 *2 *8 11
  1  8  7 11 11 *0  3  8
---------------------------------------------------------------------------------------
Steps: 4
Score: 40
 11 11 11  7  1  8  5  5
  6 11  3  5  3  5  4  6
  2  0  4  2 *9  9  2  6
  6  2  7  7 *1  9  0  1
  6  5  3  1  9  0  9  3
  7  9  0  8  3 11 11 11
 11 11  4  4  0  6  7 11
 11  1  8  7 11 11  3  8
---------------------------------------------------------------------------------------
Steps: 5
Score: 50
 11 11 11  7 11  8  5  5
  6 11  3  5 11  5  4  6
  2  0  4  2  1  9  2  6
  6  2 *7  7  3  9  0  1
  6  5 *3  1  9  0  9  3
  7  9 *0  8  3 11 11 11
 11 11  4  4  0  6  7 11
 11  1  8  7 11 11  3  8
---------------------------------------------------------------------------------------
Steps: 6
Score: 60
 11 11 11  7 11  8  5  5
 *6 11  3  5 11  5  4  6
 *2 *0  4  2  1  9  2  6
  6 *2  7  3  9  0  1 11
  6  5  1  9  0  9  3 11
  7  9  8  3 11 11 11 11
 11 11  4  4  0  6  7 11
 11  1  8  7 11 11  3  8
---------------------------------------------------------------------------------------
Steps: 7
Score: 70
 11 11 11  7 11  8  5  5
  6 11  3  5 11  5  4  6
  6  5  4  2 *1  9  2  6
  7  9  7  3 *9  0  1 11
 11 11  1  9  0  9  3 11
 11  1  8  3 11 11 11 11
 11 11  4  4  0  6  7 11
 11 11  8  7 11 11  3  8
---------------------------------------------------------------------------------------
Steps: 8
Score: 80
 11 11 11  7 11  8  5  5
  6 11  3  5 11  5  4  6
 11  6  5  4  2  9  2  6
 11  7  9  7  3  0  1 11
 11 11  1  9  0  9  3 11
 11  1  8  3 11 11 11 11
 11 11  4 *4 *0 *6  7 11
 11 11  8  7 11 11  3  8
---------------------------------------------------------------------------------------
Steps: 9
Score: 90
 11 11 11 11 11 11  5  5
  6 11  3  7 11  8  4  6
 11  6  5  5 11  5  2  6
 11  7  9  4  2  9  1 11
 11 11  1 *7 *3 *0  3 11
 11  1  8  9  0  9 11 11
 11 11  4  3 11 11  7 11
 11 11  8  7 11 11  3  8
---------------------------------------------------------------------------------------
Steps: 10
Score: 100
 11 11 11 11 11 11  5  5
  6 11 *3 *7 11  8  4  6
 11  6  5  5 11  5  2  6
 11  7  9  4  2  9  1 11
 11 11  1  3 11 11 11 11
 11  1  8  9  0  9 11 11
 11 11  4  3 11 11  7 11
 11 11  8  7 11 11  3  8
---------------------------------------------------------------------------------------
Steps: 11
Score: 110
 11 11 11 11 11 11  5  5
  6 11  5  5 11  8  4  6
 11  6  9  4 11  5  2  6
 11  7  1  3  2  9  1 11
 11 11  8  9 11 11 11 11
 11  1  4 *3 *0  9 11 11
 11 11  8 *7 11 11  7 11
 11 11 11 11 11 11  3  8
---------------------------------------------------------------------------------------
Steps: 12
Score: 120
 11 11 11 11 11 11 *5 *5
  6 11  5  5 11  8  4  6
 11  6  9  4 11  5  2  6
 11  7  1  3  2  9  1 11
 11 11  8  9 11 11 11 11
 11 11 11  1  4  9 11 11
 11 11 11  8 11 11  7 11
 11 11 11 11 11 11  3  8
---------------------------------------------------------------------------------------
Steps: 13
Score: 130
 11 11 11 11 11 11 11 11
  6 11  5  5 11  8  4  6
 11  6  9  4 11  5  2  6
 11  7  1  3  2 *9 *1 11
 11 11  8  9 11 11 11 11
 11 11 11  1  4  9 11 11
 11 11 11  8 11 11  7 11
 11 11 11 11 11 11  3  8
---------------------------------------------------------------------------------------
Steps: 14
Score: 140
 11 11 11 11 11 11 11 11
  6 11  5  5 11  8 *4 *6
 11  6  9  4 11  5  2  6
 11  7  1  3  2 11 11 11
 11 11  8  9 11 11 11 11
 11 11 11  1  4  9 11 11
 11 11 11  8 11 11  7 11
 11 11 11 11 11 11  3  8
---------------------------------------------------------------------------------------
Steps: 15
Score: 150
 11 11 11 11 11 11 11 11
  6 11  5  5 11 *8 *2  6
 11  6  9  4 11  5 11 11
 11  7  1  3  2 11 11 11
 11 11  8  9 11 11 11 11
 11 11 11  1  4  9  7 11
 11 11 11  8 11 11  3  8
 11 11 11 11 11 11 11 11
---------------------------------------------------------------------------------------
Steps: 16
Score: 160
 11 11 11 11 11 11 11 11
 11 11  6 11  5  5 11  6
 11  6  9  4 11  5 11 11
 11  7  1  3  2 11 11 11
 11 11  8  9 11 11 11 11
 11 11 11  1  4  9 *7 11
 11 11 11  8 11 11 *3  8
 11 11 11 11 11 11 11 11
---------------------------------------------------------------------------------------
Steps: 17
Score: 170
 11 11 11 11 11 11 11 11
 11 11  6 11  5 *5 11  6
 11  6  9  4 11 *5 11 11
 11  7  1  3  2 11 11 11
 11 11  8  9 11 11 11 11
 11 11 11  1  4  9 11 11
 11 11 11  8 11 11 11  8
 11 11 11 11 11 11 11 11
---------------------------------------------------------------------------------------
Steps: 18
Score: 180
 11 11 11 11 11 11 11 11
 11 11  6 11  5 11  6 11
 11  6  9  4 11 11 11 11
 11  7  1  3  2 11 11 11
 11 11  8 *9 11 11 11 11
 11 11 11 *1  4  9 11 11
 11 11 11  8 11 11 11  8
 11 11 11 11 11 11 11 11
---------------------------------------------------------------------------------------
Steps: 19
Score: 190
 11 11 11 11 11 11 11 11
 11 11  6 11  5 11  6 11
 11  6 *9  4 11 11 11 11
 11  7 *1  3  2 11 11 11
 11 11  8  8 11 11 11 11
 11 11 11 11  4  9 11 11
 11 11 11 11 11 11 11  8
 11 11 11 11 11 11 11 11
---------------------------------------------------------------------------------------
Steps: 20
Score: 200
 11 11 11 11 11 11 11 11
 11 11  6 11  5 11  6 11
 11 11  6  4 11 11 11 11
 11 11 *7 *3  2 11 11 11
 11 11  8  8 11 11 11 11
 11 11 11 11  4  9 11 11
 11 11 11 11 11 11 11  8
 11 11 11 11 11 11 11 11
---------------------------------------------------------------------------------------
Steps: 21
Score: 210
 11 11 11 11 11 11 11 11
 11 11 11 11  5 11  6 11
 11 11  6 11 11 11 11 11
 11 11 *6 *4  2 11 11 11
 11 11  8  8 11 11 11 11
 11 11 11 11  4  9 11 11
 11 11 11 11 11 11 11  8
 11 11 11 11 11 11 11 11
---------------------------------------------------------------------------------------
Steps: 22
Score: 220
 11 11 11 11 11 11 11 11
 11 11 11 11  5 11  6 11
 11 11  6 11 11 11 11 11
 11 11 *2 11 11 11 11 11
 11 11 *8  8 11 11 11 11
 11 11 11 11  4  9 11 11
 11 11 11 11 11 11 11  8
 11 11 11 11 11 11 11 11
---------------------------------------------------------------------------------------
Steps: 23
Score: 230
 11 11 11 11 11 11 11 11
 11 11 11 11  5 11  6 11
 11 11  6 11 11 11 11 11
 11 11 11 11 11 11 11 11
 11 11 11  8 11 11 11 11
 11 11 11 11  4  9 11 11
 11 11 11 11 11 11 11  8
 11 11 11 11 11 11 11 11
---------------------------------------------------------------------------------------
