SEED: 5531
-----------------------------
  5  1  0  7  1  8  5  5
  6  4  3  5  3  5  4  6
  2  0  4  8  2  9  2  6
  6  2  7  2  9  9  0  1
  6  5  3  7  1  0  9  3
  7  9  0  1  4  3  1  9
  4  4  0  8  2  3  2  8
  1  8  7  6  7  0  3  8
-----------------------------
TIME: 35m57.9213736s
-----------------------------
BEST SOLUTION (SCORE 220 )
-----------------------------
Steps: 0
Score: 0
  5  1  0  7  1  8  5  5
  6  4  3  5  3  5  4  6
  2  0  4  8  2  9  2  6
  6  2  7  2  9  9  0  1
  6  5  3  7 *1  0  9  3
  7  9  0  1 *4  3  1  9
  4  4  0  8 *2 *3  2  8
  1  8  7  6  7 *0  3  8
-----------------------------
Steps: 1
Score: 10
  5  1  0  7 11 11  5  5
  6  4  3  5 11 11  4  6
  2 *0  4  8 11  8  2  6
  6 *2  7  2  1  5  0  1
  6 *5 *3  7  3  9  9  3
  7  9 *0  1  2  9  1  9
  4  4  0  8  9  0  2  8
  1  8  7  6  7  3  3  8
-----------------------------
Steps: 2
Score: 20
  5  1  0  7 11 11  5  5
 *6 *4  3  5 11 11  4  6
  2  4  8 11  8  2  6 11
  6  7  2  1  5  0  1 11
  6  7  3  9  9  3 11 11
  7  9  1  2  9  1  9 11
  4  4  0  8  9  0  2  8
  1  8  7  6  7  3  3  8
-----------------------------
Steps: 3
Score: 30
  5  1  0  7 11 11  5  5
  2  4  3  5 11 11  4  6
  6  7  8 11  8  2  6 11
  6  7  2  1  5  0  1 11
  7  9  3  9  9  3 11 11
  4  4  1  2  9 *1 *9 11
  1  8  0  8  9 *0  2  8
 11 11  7  6  7  3  3  8
-----------------------------
Steps: 4
Score: 40
  5  1  0  7 11 11  5  5
  2  4  3  5 11 11  4  6
  6  7  8 11  8  2  6 11
  6  7  2  1  5  0  1 11
  7  9  3  9  9  3 11 11
 11 11  4  4  1  2  9 11
 11  1  8  0  8  9 *2 *8
 11 11  7  6  7  3  3  8
-----------------------------
Steps: 5
Score: 50
  5  1  0  7 11 11 11 11
  2  4  3  5 11 11  5  5
  6  7  8 11  8  2  4  6
  6  7  2  1  5 *0 *6 11
  7  9  3  9  9 *3 *1 11
 11 11  4  4  1  2 11 11
 11  1  8  0  8  9  9 11
 11 11  7  6  7  3  3  8
-----------------------------
Steps: 6
Score: 60
 *5 *1 *0  7 11 11 11 11
  2 *4  3  5 11 11  5  5
  6  7  8 11  8  2  4  6
  6  7  2  1  5 11 11 11
  7  9  3  9  9 11 11 11
 11 11  4  4  1  2 11 11
 11  1  8  0  8  9  9 11
 11 11  7  6  7  3  3  8
-----------------------------
Steps: 7
Score: 70
  2 *7 *3  7 11 11 11 11
  6  7  8  5 11 11  5  5
  6  9  2 11  8  2  4  6
  7 11  3  1  5 11 11 11
 11  1  4  9  9 11 11 11
 11 11  8  4  1  2 11 11
 11 11  7  0  8  9  9 11
 11 11 11  6  7  3  3  8
-----------------------------
Steps: 8
Score: 80
 11 11  2  7 11 11 11 11
  6  7  8  5 11 11  5  5
  6  9  2 11  8  2 *4 *6
  7 11  3  1  5 11 11 11
 11  1  4  9  9 11 11 11
 11 11  8  4  1  2 11 11
 11 11  7  0  8  9  9 11
 11 11 11  6  7  3  3  8
-----------------------------
Steps: 9
Score: 90
 11 11  2  7 11 11 11 11
  6  7  8  5 11 11 11 11
  6  9  2 11 *8 *2  5  5
  7 11  3  1  5 11 11 11
 11  1  4  9  9 11 11 11
 11 11  8  4  1  2 11 11
 11 11  7  0  8  9  9 11
 11 11 11  6  7  3  3  8
-----------------------------
Steps: 10
Score: 100
 11 11  2  7 11 11 11 11
  6  7 *8  5 11 11 11 11
  6  9 *2 11  5  5 11 11
  7 11  3  1  5 11 11 11
 11  1  4  9  9 11 11 11
 11 11  8  4  1  2 11 11
 11 11  7  0  8  9  9 11
 11 11 11  6  7  3  3  8
-----------------------------
Steps: 11
Score: 110
 11 11  2  7 11 11 11 11
  6  7  3  5 11 11 11 11
  6  9  4 11 *5 *5 11 11
  7 11  8  1  5 11 11 11
 11  1  7  9  9 11 11 11
 11 11 11  4  1  2 11 11
 11 11 11  0  8  9  9 11
 11 11 11  6  7  3  3  8
-----------------------------
Steps: 12
Score: 120
 11 11  2  7 11 11 11 11
  6 *7 *3  5 11 11 11 11
 11 11  6  9  4 11 11 11
  7 11  8  1  5 11 11 11
 11  1  7  9  9 11 11 11
 11 11 11  4  1  2 11 11
 11 11 11  0  8  9  9 11
 11 11 11  6  7  3  3  8
-----------------------------
Steps: 13
Score: 130
 11 11 11  7 11 11 11 11
  6 11  2  5 11 11 11 11
 11 11  6 *9  4 11 11 11
  7 11  8 *1  5 11 11 11
 11  1  7  9  9 11 11 11
 11 11 11  4  1  2 11 11
 11 11 11  0  8  9  9 11
 11 11 11  6  7  3  3  8
-----------------------------
Steps: 14
Score: 140
 11 11 11  7 11 11 11 11
  6 11  2  5 11 11 11 11
 11 11 *6 *4 11 11 11 11
  7 11  8  5 11 11 11 11
 11  1  7  9  9 11 11 11
 11 11 11  4  1  2 11 11
 11 11 11  0  8  9  9 11
 11 11 11  6  7  3  3  8
-----------------------------
Steps: 15
Score: 150
 11 11 11  7 11 11 11 11
  6 11  2  5 11 11 11 11
 11 11  8  5 11 11 11 11
  7 11  7  9 11 11 11 11
 11  1 11 *4  9 11 11 11
 11 11 11 *0  1  2 11 11
 11 11 11 *6  8  9  9 11
 11 11 11 11  7  3  3  8
-----------------------------
Steps: 16
Score: 160
 11 11 11  7 11 11 11 11
  6 11  2  5 11 11 11 11
 11 11  8  5 11 11 11 11
  7 11  7  9 11 11 11 11
 11 11  1 11  9 11 11 11
 11 11 11 11  1  2 11 11
 11 11 11 11  8  9  9 11
 11 11 11 11 *7 *3  3  8
-----------------------------
Steps: 17
Score: 170
 11 11 11  7 11 11 11 11
  6 11  2  5 11 11 11 11
 11 11  8  5 11 11 11 11
  7 11  7  9 11 11 11 11
 11 11  1 11 11 11 11 11
 11 11 11 11 *9 11 11 11
 11 11 11 11 *1  2  9 11
 11 11 11 11  8  9  3  8
-----------------------------
Steps: 18
Score: 180
 11 11 11  7 11 11 11 11
  6 11 *2  5 11 11 11 11
 11 11 *8  5 11 11 11 11
  7 11  7  9 11 11 11 11
 11 11  1 11 11 11 11 11
 11 11 11 11 11 11 11 11
 11 11 11 11  2  9 11 11
 11 11 11 11  8  9  3  8
-----------------------------
Steps: 19
Score: 190
 11 11 11  7 11 11 11 11
  6 11  7 *5 11 11 11 11
 11 11  1 *5 11 11 11 11
  7 11 11  9 11 11 11 11
 11 11 11 11 11 11 11 11
 11 11 11 11 11 11 11 11
 11 11 11 11  2  9 11 11
 11 11 11 11  8  9  3  8
-----------------------------
Steps: 20
Score: 200
 11 11 11  7 11 11 11 11
 11  6 11  7 11 11 11 11
 11 11 11  1 11 11 11 11
  7 11 11  9 11 11 11 11
 11 11 11 11 11 11 11 11
 11 11 11 11 11 11 11 11
 11 11 11 11 *2  9 11 11
 11 11 11 11 *8  9  3  8
-----------------------------
Steps: 21
Score: 210
 11 11 11  7 11 11 11 11
 11  6 11  7 11 11 11 11
 11 11 11 *1 11 11 11 11
  7 11 11 *9 11 11 11 11
 11 11 11 11 11 11 11 11
 11 11 11 11 11 11 11 11
 11 11 11 11 11  9 11 11
 11 11 11 11 11  9  3  8
-----------------------------
Steps: 22
Score: 220
 11 11 11  7 11 11 11 11
 11  6 11  7 11 11 11 11
 11 11 11 11 11 11 11 11
  7 11 11 11 11 11 11 11
 11 11 11 11 11 11 11 11
 11 11 11 11 11 11 11 11
 11 11 11 11 11  9 11 11
 11 11 11 11 11  9  3  8
-----------------------------
STATISTICS OF FIRST STEP
-----------------------------
       FIRST STEP INDEX:     0    1    2    3    4    5    6    7    8    9   10   11   12   13   14   15   16   17   18   19   20   21   22   23   24   25   26   27   28   29   30   31   32   33   34   35   36   37   38   39   40   41   42   43   44   45   46   47   48   49   50   51   52   53   54   55   56   57   58   59   60   61   62   63   64   65   66   67   68   69   70   71   72   73   74   75   76   77   78   79   80   81   82
========================================================================================================================================================================================================================================================================================================================================================================================================================================================
SCORE  50, COUNT     17:     0    0    0    0    0    0    0    0    0    0    0    0    0    0    0    2    0    0    0    0    0    0    0    0    0    0    0    0    0    0    0    0    0    0    0    0    0    0    0    0    0    0    0    0    0    1    0    0    0    0    0    0    0    0    0    0    0    0    2    1    0    0    0    0    0    0    0    0    1    1    0    5    0    1    0    0    0    0    0    0    0    3    0
SCORE  60, COUNT    180:     2    0    0    0    0    0    1    0    0    0    0    0    1    0    0    7    1    0    0    0    1    0    0    0    0    0    3    1    0    0    0    0    0    0    0    1    0    0    0    0    3    2    0    2    3    2    3    5   33    0    0    0    3    1    2    0    0    8    7    4    0    0    0    0    1    0    3    0    7    3    4    6    8   21    0    1    0    0    0    0    1   29    0
SCORE  70, COUNT   1326:    14    2    2    2    3    2    2    2    4    3    3    1    6    8    2   33    5    5    1    5    8    1    6    2    3    1   28    4    0    2   11    2    2    0    2    8    5    5    1    1   10    3   13    6   65   20   12    3  170    1    2   10   10    1   13    0    6   47   37   45    2    3    4    3   18    4   23    3   44   17   12   62   68  101   11   25    0   11    0   16    6  218    4
SCORE  80, COUNT   5465:    78    8   14   16   17   12    5   14   26   21   15   16   43   53    8  134   37   50    7   44   38   12   56   12   14   11  120   36    6   14   75   14   11   16   12   89   40   34    9   14   58   18   59   35  292   44   73   19  501    8    8   47   67   40   59    9   34  130  114  211   18   18   15   12  123   11   83   13  170   72   77  158  316  369   30   83    8   48   14   99   41  594   16
SCORE  90, COUNT  17024:   287   69  111   86  109   80   76   73   90  141   92   68  176  205   41  296  140  157   66  151  173   94  246   91   71   65  389  177   38   91  247  113   87   77   83  244  170  156   30   93  234  101  240  119  753  134  229  111  955   40   55  191  246  127  176   49  195  389  339  469   76   86   91   66  452   83  311   84  423  172  275  389  835  761  133  299   53  229  106  355  130 1146   68
SCORE 100, COUNT  39725:   668  280  283  266  378  251  255  264  285  402  338  230  439  526  220  719  419  465  219  457  496  257  632  282  216  230  784  508  146  246  642  301  323  255  331  688  413  439  128  317  539  299  621  360 1119  338  551  329 1311  149  181  506  552  429  445  166  518  807  778  866  274  278  282  290  851  269  708  265  844  469  703  826 1377 1174  328  825  260  575  303  852  312 1547  251
SCORE 110, COUNT  65021:  1115  575  589  514  665  514  562  518  573  689  556  525  837  956  501 1057  781  763  543  752  793  520  984  545  521  521 1135  959  414  548 1037  601  556  528  655  983  783  773  382  631  854  590 1051  682 1107  633  827  564 1184  474  398  884  844  825  785  393  973 1051 1110 1129  640  639  615  615 1326  553 1064  675 1216  741 1070 1201 1367 1330  638 1174  553 1095  805 1294  680 1258  660
SCORE 120, COUNT  88571:  1347  985  931  958 1002  962 1031  827  955 1106 1030  942 1158 1234  826 1311 1148 1189  881 1139 1161  896 1276  981  828  914 1242 1277  782  840 1277  955  926  889 1028 1192 1228 1174  721  970 1035  892 1259  980 1117 1054 1011  961  921  783  812 1262 1236 1148 1140  811 1207 1188 1203 1184 1012  905  939 1001 1371 1002 1299  992 1398 1049 1361 1252 1062 1112 1008 1251  935 1373 1221 1442 1019  830 1014
SCORE 130, COUNT  99418:  1125 1269 1251 1218 1135 1282 1280 1249 1251 1257 1241 1203 1192 1191 1256 1149 1299 1276 1236 1293 1323 1299 1214 1310 1252 1386 1063 1292 1264 1267 1224 1318 1220 1238 1306 1144 1312 1306 1259 1219 1250 1291 1218 1230  831 1318 1267 1271  580 1279 1212 1228 1206 1327 1289 1187 1198 1060 1113 1028 1356 1349 1254 1322  982 1384 1206 1383 1019 1173 1201 1035  634  697 1192 1090 1385 1242 1399 1043 1162  350 1308
SCORE 140, COUNT  84641:   778 1238 1155 1253 1145 1218 1246 1260 1264 1095 1164 1218 1044  919 1198  768  995 1081 1293 1072 1078 1212  898 1230 1243 1291  697  937 1332 1275  868 1204 1199 1242 1185  782 1116 1111 1309 1156  959 1247  852 1122  500 1225  992 1157  251 1272 1350  913  927 1042 1033 1285  947  726  703  632 1205 1263 1184 1236  607 1262  779 1162  675 1031  792  697  263  305 1151  764 1325  823 1091  626 1170   81 1245
SCORE 150, COUNT  53868:   359  874  818  908  834  892  787  883  852  728  776  939  654  477  952  370  665  629  959  600  588  858  530  839  920  917  367  473  990  853  447  826  847  972  816  424  600  645 1024  830  536  843  409  776  207  726  582  771   94 1025  944  549  511  628  679  982  526  344  334  286  741  854  845  792  230  908  385  726  300  657  398  298   88   99  863  407  911  352  699  222  782   27  810
SCORE 160, COUNT  27992:   140  473  513  507  495  510  478  498  479  336  409  494  312  246  575  136  319  289  542  293  297  543  238  478  560  479  127  207  645  536  193  436  463  532  405  178  297  315  677  428  277  433  178  383   63  403  309  469   29  579  627  242  229  341  327  622  233  187  108  110  360  473  411  389   65  436  172  359  100  367  133   92   19   25  419  137  452  154  261   66  468    4  403
SCORE 170, COUNT  11847:    51  203  234  226  211  250  243  246  209  137  168  293  102   91  269   58  119  102  219  123  112  241   85  196  253  203   46   62  303  227   73  196  208  225  191   76  106  132  325  196  112  195   44  180   15  160  108  177    2  294  292   85   75  140  132  300   68   57   35   32  179  204  191  160   15  179   57  145   23  124   56   30    3    2  204   51  189   58   87    9  193    0  175
SCORE 180, COUNT   3787:    15   79   75   72   79  107   85   79   62   40   60   84   27   25  102   12   40   42   83   37   36   91   23   54   97   75    9   25  102   76   25   66   63   83   76   17   32   39  122   65   34   73    7   52    2   43   46   44    2  106  106   23   15   35   26   87   35   18    7    6   52   65   52   45    1   31   13   48    5   48   13    5    1    0   66   13   41    8   29    1   60    0   42
SCORE 190, COUNT    919:     2   19   21   17   12   18    9   24   21   10   13   28   12    4   30    0   12    7   27    9    5   23    3   15   36   15    4    1   26   18   13   13   14   28   16    2    4    7   25   19    6   13    3   15    0   12    9   17    0   29   31    8    3    9    7   24    2    2    2    1   12   15   16   10    0    8    5   10    0    7    3    0    1    0   16    0   15    0    0    0   14    0   12
SCORE 200, COUNT    170:     1    5    3    6    6    8    5    5    4    2    2    3    0    2    4    3    4    0    3    1    2    3    1    1    5    3    0    0    4    2    1    4    2    2    1    3    2    0   11    2    1    2    1    4    0    2    1    2    0    2    3    0    1    3    2    6    0    0    0    0    1    5    1    0    0    2    0    2    0    2    0    0    0    0    4    0    3    0    0    0    3    0    1
SCORE 210, COUNT     24:     0    0    1    0    1    2    0    2    0    0    0    0    0    0    4    0    0    1    2    0    0    0    0    0    1    1    0    0    0    0    0    0    1    1    0    0    0    0    0    2    0    0    0    0    0    0    0    0    0    1    1    0    0    0    0    0    0    0    0    0    0    0    1    0    0    0    0    0    0    1    0    0    0    0    1    0    0    0    0    0    0    0    0
SCORE 220, COUNT      5:     0    0    1    0    0    0    0    0    0    0    0    0    0    0    0    0    0    0    0    0    1    0    0    1    0    0    0    0    0    0    0    0    0    0    0    0    0    0    0    0    0    0    0    0    0    0    0    0    0    0    0    0    0    0    0    1    0    0    0    0    0    0    0    1    0    0    0    0    0    0    0    0    0    0    0    0    0    0    0    0    0    0    0
========================================================================================================================================================================================================================================================================================================================================================================================================================================================
                  TOTAL:  5982 6079 6002 6049 6092 6108 6065 5944 6075 5967 5867 6044 6003 5937 5988 6055 5984 6056 6081 5976 6112 6050 6192 6037 6020 6112 6014 5959 6052 5995 6133 6049 5922 6088 6107 5831 6108 6136 6023 5943 5908 6002 5955 5946 6074 6115 6020 5900 6033 6042 6022 5948 5925 6096 6115 5922 5942 6014 5892 6004 5928 6157 5901 5942 6042 6132 6108 5867 6225 5934 6098 6056 6042 5997 6064 6120 6130 5968 6015 6025 6041 6087 6009
========================================================================================================================================================================================================================================================================================================================================================================================================================================================
              MIN SCORE:    60   70   70   70   70   70   60   70   70   70   70   70   60   70   70   50   60   70   70   70   60   70   70   70   70   70   60   60   80   70   70   70   70   80   70   60   70   70   70   70   60   60   70   60   60   50   60   60   60   70   70   70   60   60   60   80   70   60   50   50   70   70   70   70   60   70   60   70   50   50   60   50   60   50   70   60   80   70   80   70   60   50   70
              MAX SCORE:   200  200  220  200  210  210  200  210  200  200  200  200  190  200  210  200  200  210  210  200  220  200  200  220  210  210  190  190  200  200  200  200  210  210  200  200  200  190  200  210  200  200  200  200  180  200  200  200  180  210  210  190  200  200  200  220  190  190  190  190  200  200  210  220  180  200  190  200  180  210  190  180  190  170  210  180  200  180  180  180  200  160  200
          AVERAGE SCORE:   121  134  133  134  132  135  134  135  133  130  132  135  127  125  136  120  128  128  135  128  127  134  124  133  136  134  119  125  138  134  123  132  133  135  132  122  128  128  139  132  126  133  123  131  112  130  126  132  106  137  137  126  125  128  128  137  125  120  119  117  132  133  132  132  117  133  121  131  117  128  121  118  108  109  132  120  134  122  129  117  132  102  132
-----------------------------
FIRST STEP DETAILS
----------   0 ----------
  5  1  0  7  1  8  5  5
  6  4  3  5  3  5  4  6
  2  0  4  8  2  9  2  6
  6  2  7  2  9  9  0  1
  6  5  3  7  1  0 *9  3
  7  9  0  1  4  3 *1  9
  4  4  0  8  2  3  2  8
  1  8  7  6  7  0  3  8
----------   1 ----------
  5  1  0  7  1  8  5  5
  6  4  3  5  3  5  4  6
  2  0  4  8  2  9  2  6
  6  2  7  2  9  9  0  1
  6  5  3  7  1  0  9  3
  7  9  0  1  4  3 *1 *9
  4  4  0  8  2  3  2  8
  1  8  7  6  7  0  3  8
----------   2 ----------
  5  1  0  7  1  8  5  5
  6  4  3  5  3  5  4  6
  2  0  4 *8 *2  9  2  6
  6  2  7  2  9  9  0  1
  6  5  3  7  1  0  9  3
  7  9  0  1  4  3  1  9
  4  4  0  8  2  3  2  8
  1  8  7  6  7  0  3  8
----------   3 ----------
  5  1  0  7  1  8  5  5
  6  4  3  5  3  5 *4 *6
  2  0  4  8  2  9  2  6
  6  2  7  2  9  9  0  1
  6  5  3  7  1  0  9  3
  7  9  0  1  4  3  1  9
  4  4  0  8  2  3  2  8
  1  8  7  6  7  0  3  8
----------   4 ----------
  5  1  0  7  1  8  5  5
  6  4  3  5  3  5  4  6
  2  0  4 *8  2  9  2  6
  6  2  7 *2  9  9  0  1
  6  5  3  7  1  0  9  3
  7  9  0  1  4  3  1  9
  4  4  0  8  2  3  2  8
  1  8  7  6  7  0  3  8
----------   5 ----------
  5  1  0  7  1  8  5  5
  6  4  3  5  3  5  4  6
  2  0  4  8  2  9  2  6
  6  2  7  2  9  9  0  1
  6  5  3  7  1  0  9  3
  7  9  0  1  4  3  1  9
  4  4  0 *8 *2  3  2  8
  1  8  7  6  7  0  3  8
----------   6 ----------
  5  1  0  7  1  8  5  5
  6  4  3  5  3  5  4  6
  2  0  4  8  2  9  2  6
  6  2  7  2  9  9  0  1
  6  5  3  7  1  0  9  3
  7  9  0  1  4  3  1  9
  4  4  0  8  2  3 *2 *8
  1  8  7  6  7  0  3  8
----------   7 ----------
  5  1  0  7  1  8  5  5
 *6 *4  3  5  3  5  4  6
  2  0  4  8  2  9  2  6
  6  2  7  2  9  9  0  1
  6  5  3  7  1  0  9  3
  7  9  0  1  4  3  1  9
  4  4  0  8  2  3  2  8
  1  8  7  6  7  0  3  8
----------   8 ----------
  5  1  0  7  1  8 *5 *5
  6  4  3  5  3  5  4  6
  2  0  4  8  2  9  2  6
  6  2  7  2  9  9  0  1
  6  5  3  7  1  0  9  3
  7  9  0  1  4  3  1  9
  4  4  0  8  2  3  2  8
  1  8  7  6  7  0  3  8
----------   9 ----------
  5  1  0  7  1  8  5  5
  6  4  3  5  3  5  4  6
  2  0  4  8  2  9  2  6
  6  2 *7  2  9  9  0  1
  6  5 *3  7  1  0  9  3
  7  9  0  1  4  3  1  9
  4  4  0  8  2  3  2  8
  1  8  7  6  7  0  3  8
----------  10 ----------
  5  1  0  7  1  8  5  5
  6  4  3  5  3  5  4  6
  2  0  4  8  2  9  2  6
  6  2  7  2  9  9  0  1
  6  5 *3 *7  1  0  9  3
  7  9  0  1  4  3  1  9
  4  4  0  8  2  3  2  8
  1  8  7  6  7  0  3  8
----------  11 ----------
  5  1  0  7  1  8  5  5
  6  4  3  5  3  5  4  6
  2  0  4  8  2  9  2  6
  6  2  7  2 *9  9  0  1
  6  5  3  7 *1  0  9  3
  7  9  0  1  4  3  1  9
  4  4  0  8  2  3  2  8
  1  8  7  6  7  0  3  8
----------  12 ----------
  5  1  0  7  1  8  5  5
  6  4  3  5  3  5  4  6
  2  0  4  8  2  9  2  6
  6  2  7  2  9  9 *0 *1
  6  5  3  7  1  0 *9  3
  7  9  0  1  4  3  1  9
  4  4  0  8  2  3  2  8
  1  8  7  6  7  0  3  8
----------  13 ----------
  5  1  0  7  1  8  5  5
  6  4  3  5  3  5  4  6
  2  0  4  8  2  9  2  6
  6  2  7  2  9  9  0  1
  6  5  3  7 *1 *0 *9  3
  7  9  0  1  4  3  1  9
  4  4  0  8  2  3  2  8
  1  8  7  6  7  0  3  8
----------  14 ----------
  5  1  0  7  1  8  5  5
  6  4  3  5  3  5  4  6
  2  0  4  8  2  9  2  6
  6  2  7  2 *9  9  0  1
  6  5  3  7 *1 *0  9  3
  7  9  0  1  4  3  1  9
  4  4  0  8  2  3  2  8
  1  8  7  6  7  0  3  8
----------  15 ----------
  5  1  0  7  1  8  5  5
  6  4  3  5  3  5  4  6
  2  0  4  8  2  9  2 *6
  6  2  7  2  9  9  0 *1
  6  5  3  7  1  0  9 *3
  7  9  0  1  4  3  1  9
  4  4  0  8  2  3  2  8
  1  8  7  6  7  0  3  8
----------  16 ----------
  5  1  0  7  1  8  5  5
  6  4  3  5  3  5  4  6
  2  0  4  8  2  9  2  6
  6  2  7 *2  9  9  0  1
  6  5  3 *7 *1  0  9  3
  7  9  0  1  4  3  1  9
  4  4  0  8  2  3  2  8
  1  8  7  6  7  0  3  8
----------  17 ----------
  5  1  0  7  1  8  5  5
  6  4  3  5  3  5  4  6
  2  0  4  8  2  9  2  6
  6 *2  7  2  9  9  0  1
  6 *5 *3  7  1  0  9  3
  7  9  0  1  4  3  1  9
  4  4  0  8  2  3  2  8
  1  8  7  6  7  0  3  8
----------  18 ----------
  5  1  0  7  1  8  5  5
  6  4  3  5  3  5  4  6
  2  0  4  8  2  9  2  6
  6  2  7  2  9 *9 *0 *1
  6  5  3  7  1  0  9  3
  7  9  0  1  4  3  1  9
  4  4  0  8  2  3  2  8
  1  8  7  6  7  0  3  8
----------  19 ----------
  5  1  0  7  1  8  5  5
  6  4  3  5  3  5  4  6
  2  0  4  8  2  9  2  6
  6  2 *7  2  9  9  0  1
  6  5 *3  7  1  0  9  3
  7  9 *0  1  4  3  1  9
  4  4  0  8  2  3  2  8
  1  8  7  6  7  0  3  8
----------  20 ----------
  5  1  0  7  1  8  5  5
  6  4  3  5  3  5  4  6
  2  0  4  8  2  9  2  6
  6  2  7  2  9  9  0  1
  6  5 *3 *7  1  0  9  3
  7  9 *0  1  4  3  1  9
  4  4  0  8  2  3  2  8
  1  8  7  6  7  0  3  8
----------  21 ----------
  5  1  0  7  1  8  5  5
  6  4  3  5  3  5  4  6
 *2  0  4  8  2  9  2  6
 *6 *2  7  2  9  9  0  1
  6  5  3  7  1  0  9  3
  7  9  0  1  4  3  1  9
  4  4  0  8  2  3  2  8
  1  8  7  6  7  0  3  8
----------  22 ----------
  5  1  0  7  1  8  5  5
  6  4  3  5  3  5  4  6
  2  0  4  8  2  9  2  6
  6  2  7 *2  9  9  0  1
  6  5  3 *7  1  0  9  3
  7  9  0 *1  4  3  1  9
  4  4  0  8  2  3  2  8
  1  8  7  6  7  0  3  8
----------  23 ----------
  5  1  0  7  1  8  5  5
  6  4  3  5  3  5  4  6
  2  0  4  8  2  9  2  6
  6  2  7  2  9  9  0  1
  6  5  3  7  1  0  9  3
  7 *9 *0 *1  4  3  1  9
  4  4  0  8  2  3  2  8
  1  8  7  6  7  0  3  8
----------  24 ----------
  5  1  0  7  1  8  5  5
  6  4  3  5 *3 *5  4  6
  2  0  4  8 *2  9  2  6
  6  2  7  2  9  9  0  1
  6  5  3  7  1  0  9  3
  7  9  0  1  4  3  1  9
  4  4  0  8  2  3  2  8
  1  8  7  6  7  0  3  8
----------  25 ----------
  5  1  0  7  1  8  5  5
  6  4  3 *5 *3  5  4  6
  2  0  4  8 *2  9  2  6
  6  2  7  2  9  9  0  1
  6  5  3  7  1  0  9  3
  7  9  0  1  4  3  1  9
  4  4  0  8  2  3  2  8
  1  8  7  6  7  0  3  8
----------  26 ----------
  5  1  0  7  1  8  5  5
  6  4  3  5  3  5  4  6
  2  0  4  8  2  9  2  6
  6  2  7  2  9  9 *0  1
  6  5  3  7  1  0 *9  3
  7  9  0  1  4  3 *1  9
  4  4  0  8  2  3  2  8
  1  8  7  6  7  0  3  8
----------  27 ----------
  5  1  0  7  1  8  5  5
  6  4  3  5  3  5  4  6
  2  0  4  8  2  9  2  6
  6  2  7  2  9  9  0  1
  6  5  3  7  1 *0 *9  3
  7  9  0  1  4  3 *1  9
  4  4  0  8  2  3  2  8
  1  8  7  6  7  0  3  8
----------  28 ----------
  5  1  0  7  1  8  5  5
  6  4  3  5  3  5  4  6
  2  0  4  8  2  9  2  6
  6  2  7  2  9  9  0  1
  6  5  3  7  1  0  9  3
  7  9  0  1 *4 *3  1  9
  4  4  0  8  2 *3  2  8
  1  8  7  6  7  0  3  8
----------  29 ----------
  5  1  0  7  1  8  5  5
 *6 *4  3  5  3  5  4  6
  2 *0  4  8  2  9  2  6
  6  2  7  2  9  9  0  1
  6  5  3  7  1  0  9  3
  7  9  0  1  4  3  1  9
  4  4  0  8  2  3  2  8
  1  8  7  6  7  0  3  8
----------  30 ----------
  5  1  0  7  1  8  5  5
  6  4  3  5  3  5  4  6
  2  0  4  8  2  9  2  6
  6  2  7  2  9  9  0  1
  6  5  3  7  1  0  9  3
  7  9  0  1  4  3  1  9
  4  4  0  8  2  3  2  8
  1  8  7  6 *7 *0 *3  8
----------  31 ----------
 *5 *1  0  7  1  8  5  5
  6 *4  3  5  3  5  4  6
  2  0  4  8  2  9  2  6
  6  2  7  2  9  9  0  1
  6  5  3  7  1  0  9  3
  7  9  0  1  4  3  1  9
  4  4  0  8  2  3  2  8
  1  8  7  6  7  0  3  8
----------  32 ----------
  5  1 *0 *7  1  8  5  5
  6  4 *3  5  3  5  4  6
  2  0  4  8  2  9  2  6
  6  2  7  2  9  9  0  1
  6  5  3  7  1  0  9  3
  7  9  0  1  4  3  1  9
  4  4  0  8  2  3  2  8
  1  8  7  6  7  0  3  8
----------  33 ----------
  5  1  0  7  1  8  5  5
  6  4  3  5  3  5  4  6
  2  0  4  8  2  9  2  6
  6  2  7  2  9  9  0  1
  6  5  3  7  1  0  9  3
  7  9  0  1  4  3  1  9
  4  4 *0 *8 *2  3  2  8
  1  8  7  6  7  0  3  8
----------  34 ----------
  5  1  0  7  1  8  5  5
  6  4  3  5  3  5  4  6
  2  0  4  8  2  9  2  6
  6  2  7  2  9  9  0  1
  6  5  3  7  1  0  9  3
  7 *9 *0 *1  4  3  1  9
  4  4 *0  8  2  3  2  8
  1  8  7  6  7  0  3  8
----------  35 ----------
  5  1  0  7  1  8  5  5
  6  4  3  5  3  5  4  6
  2  0  4  8  2  9  2  6
  6  2  7  2  9  9  0  1
  6  5 *3 *7  1  0  9  3
  7  9 *0  1  4  3  1  9
  4  4 *0  8  2  3  2  8
  1  8  7  6  7  0  3  8
----------  36 ----------
  5  1  0  7  1  8  5  5
  6  4  3  5  3  5  4  6
  2  0  4  8  2  9  2  6
  6  2 *7  2  9  9  0  1
  6  5 *3  7  1  0  9  3
  7  9 *0  1  4  3  1  9
  4  4 *0  8  2  3  2  8
  1  8  7  6  7  0  3  8
----------  37 ----------
  5  1  0  7  1  8  5  5
  6  4  3  5  3  5  4  6
  2  0  4  8  2  9  2  6
  6  2  7  2  9  9  0  1
  6  5 *3  7  1  0  9  3
  7  9 *0  1  4  3  1  9
  4  4 *0  8  2  3  2  8
  1  8 *7  6  7  0  3  8
----------  38 ----------
  5  1  0  7  1  8  5  5
  6  4  3  5  3  5  4  6
  2  0  4  8  2  9  2  6
  6  2  7  2  9 *9 *0 *1
  6  5  3  7  1 *0  9  3
  7  9  0  1  4  3  1  9
  4  4  0  8  2  3  2  8
  1  8  7  6  7  0  3  8
----------  39 ----------
  5  1  0  7  1  8  5  5
  6  4  3  5  3  5  4  6
  2  0  4  8  2  9  2  6
  6  2  7  2  9  9  0  1
  6  5  3  7  1  0  9  3
  7  9 *0  1  4  3  1  9
  4  4 *0 *8 *2  3  2  8
  1  8  7  6  7  0  3  8
----------  40 ----------
  5  1  0  7  1  8  5  5
  6  4  3  5  3  5  4  6
  2  0  4  8  2  9  2  6
  6  2  7  2  9  9  0  1
  6  5  3  7 *1  0  9  3
  7  9  0  1 *4 *3  1  9
  4  4  0  8 *2  3  2  8
  1  8  7  6  7  0  3  8
----------  41 ----------
  5  1  0  7  1  8  5  5
  6  4  3  5  3  5  4  6
  2  0  4  8  2  9  2  6
  6  2  7  2  9  9  0  1
  6  5  3  7  1  0  9  3
  7  9  0 *1 *4 *3  1  9
  4  4  0  8 *2  3  2  8
  1  8  7  6  7  0  3  8
----------  42 ----------
  5  1  0  7  1  8  5  5
  6  4  3  5  3  5  4  6
  2  0  4  8  2  9  2  6
  6  2  7  2  9  9  0  1
  6  5  3  7  1  0  9  3
  7  9  0  1 *4 *3 *1  9
  4  4  0  8 *2  3  2  8
  1  8  7  6  7  0  3  8
----------  43 ----------
 *5 *1 *0  7  1  8  5  5
  6 *4  3  5  3  5  4  6
  2  0  4  8  2  9  2  6
  6  2  7  2  9  9  0  1
  6  5  3  7  1  0  9  3
  7  9  0  1  4  3  1  9
  4  4  0  8  2  3  2  8
  1  8  7  6  7  0  3  8
----------  44 ----------
  5  1  0  7  1  8  5  5
  6  4  3  5  3  5  4  6
  2  0  4  8  2  9  2  6
  6  2  7  2  9  9  0  1
  6  5  3  7  1  0  9  3
  7  9  0  1  4  3  1  9
  4  4  0  8 *2 *3 *2  8
  1  8  7  6  7  0 *3  8
----------  45 ----------
 *5 *1  0  7  1  8  5  5
  6 *4  3  5  3  5  4  6
  2 *0  4  8  2  9  2  6
  6  2  7  2  9  9  0  1
  6  5  3  7  1  0  9  3
  7  9  0  1  4  3  1  9
  4  4  0  8  2  3  2  8
  1  8  7  6  7  0  3  8
----------  46 ----------
  5  1  0  7  1  8  5  5
  6  4  3  5  3  5  4  6
  2  0  4  8  2  9  2  6
  6  2  7  2  9  9  0  1
  6  5  3  7 *1  0  9  3
  7  9  0  1 *4  3  1  9
  4  4  0  8 *2 *3  2  8
  1  8  7  6  7  0  3  8
----------  47 ----------
  5  1  0  7  1  8  5  5
  6  4  3  5  3  5  4  6
  2  0  4  8  2  9  2  6
  6  2  7  2  9  9  0  1
  6  5  3  7  1  0  9  3
  7  9  0 *1 *4  3  1  9
  4  4  0  8 *2 *3  2  8
  1  8  7  6  7  0  3  8
----------  48 ----------
  5  1  0  7  1  8  5  5
  6  4  3  5  3  5  4  6
  2  0  4  8  2  9  2  6
  6  2  7  2  9  9  0  1
  6  5  3  7  1  0  9  3
  7  9  0  1 *4 *3 *1  9
  4  4  0  8  2  3 *2  8
  1  8  7  6  7  0  3  8
----------  49 ----------
  5  1  0  7  1  8  5  5
  6  4  3  5  3  5  4  6
  2  0  4  8  2  9  2  6
  6  2  7  2  9  9  0  1
  6  5  3  7  1  0  9  3
  7  9  0  1 *4 *3  1  9
  4  4  0  8  2 *3  2  8
  1  8  7  6  7 *0  3  8
----------  50 ----------
  5  1  0  7  1  8  5  5
 *6  4  3  5  3  5  4  6
 *2 *0  4  8  2  9  2  6
  6 *2  7  2  9  9  0  1
  6  5  3  7  1  0  9  3
  7  9  0  1  4  3  1  9
  4  4  0  8  2  3  2  8
  1  8  7  6  7  0  3  8
----------  51 ----------
  5  1  0  7  1  8  5  5
  6  4  3  5  3  5  4  6
  2  0  4  8  2  9  2  6
  6 *2  7  2  9  9  0  1
  6 *5 *3  7  1  0  9  3
  7  9 *0  1  4  3  1  9
  4  4  0  8  2  3  2  8
  1  8  7  6  7  0  3  8
----------  52 ----------
  5  1  0  7  1  8  5  5
  6 *4  3  5  3  5  4  6
  2 *0 *4  8  2  9  2  6
  6 *2  7  2  9  9  0  1
  6  5  3  7  1  0  9  3
  7  9  0  1  4  3  1  9
  4  4  0  8  2  3  2  8
  1  8  7  6  7  0  3  8
----------  53 ----------
  5  1  0  7  1  8  5  5
  6  4  3  5  3  5  4  6
  2  0  4  8  2  9  2  6
  6  2  7 *2  9  9  0  1
  6  5  3 *7 *1 *0  9  3
  7  9  0  1  4  3  1  9
  4  4  0  8  2  3  2  8
  1  8  7  6  7  0  3  8
----------  54 ----------
  5  1  0  7  1  8  5  5
  6  4  3  5  3  5  4  6
  2 *0  4  8  2  9  2  6
  6 *2  7  2  9  9  0  1
  6 *5 *3  7  1  0  9  3
  7  9  0  1  4  3  1  9
  4  4  0  8  2  3  2  8
  1  8  7  6  7  0  3  8
----------  55 ----------
  5  1  0  7  1  8  5  5
  6  4  3  5  3  5  4  6
 *2 *0  4  8  2  9  2  6
 *6 *2  7  2  9  9  0  1
  6  5  3  7  1  0  9  3
  7  9  0  1  4  3  1  9
  4  4  0  8  2  3  2  8
  1  8  7  6  7  0  3  8
----------  56 ----------
  5  1  0  7  1  8  5  5
  6  4  3  5  3  5  4  6
  2 *0  4  8  2  9  2  6
  6 *2  7  2  9  9  0  1
  6 *5 *3  7  1  0  9  3
  7  9 *0  1  4  3  1  9
  4  4  0  8  2  3  2  8
  1  8  7  6  7  0  3  8
----------  57 ----------
  5  1  0  7  1  8  5  5
  6  4  3  5  3  5  4  6
  2  0  4  8  2  9  2  6
  6  2  7  2  9  9  0  1
  6  5 *3  7  1  0  9  3
  7  9 *0 *1 *4  3  1  9
  4  4  0  8 *2  3  2  8
  1  8  7  6  7  0  3  8
----------  58 ----------
  5 *1  0  7  1  8  5  5
  6 *4 *3  5  3  5  4  6
  2 *0  4  8  2  9  2  6
  6 *2  7  2  9  9  0  1
  6  5  3  7  1  0  9  3
  7  9  0  1  4  3  1  9
  4  4  0  8  2  3  2  8
  1  8  7  6  7  0  3  8
----------  59 ----------
  5  1  0  7  1  8  5  5
  6  4  3  5  3  5  4  6
  2  0  4  8  2  9  2  6
  6  2  7  2  9  9  0  1
  6  5  3  7  1  0  9  3
  7  9  0  1  4  3  1  9
  4  4  0  8 *2 *3 *2  8
  1  8  7  6  7 *0 *3  8
----------  60 ----------
  5  1  0  7  1  8  5  5
  6  4  3  5  3  5  4  6
  2  0  4  8  2  9  2  6
  6  2  7  2  9  9  0  1
  6  5  3  7 *1 *0  9  3
  7  9  0  1 *4 *3  1  9
  4  4  0  8 *2  3  2  8
  1  8  7  6  7  0  3  8
----------  61 ----------
  5  1  0  7  1  8  5  5
  6  4  3  5  3  5  4  6
  2  0  4  8  2  9  2  6
  6  2  7  2  9  9  0  1
  6  5  3  7  1  0  9  3
  7  9 *0 *1 *4 *3  1  9
  4  4  0  8 *2  3  2  8
  1  8  7  6  7  0  3  8
----------  62 ----------
  5  1  0  7  1  8  5  5
  6  4  3  5  3  5  4  6
  2  0  4  8  2  9  2  6
  6  2  7  2  9  9  0  1
  6  5  3  7  1  0  9  3
  7  9 *0 *1 *4  3  1  9
  4  4  0  8 *2 *3  2  8
  1  8  7  6  7  0  3  8
----------  63 ----------
  5  1  0  7  1  8  5  5
  6  4  3  5  3  5  4  6
  2  0  4  8  2  9  2  6
  6  2  7  2  9  9  0  1
  6  5  3  7 *1  0  9  3
  7  9  0  1 *4  3  1  9
  4  4  0  8 *2 *3  2  8
  1  8  7  6  7 *0  3  8
----------  64 ----------
  5  1  0  7  1  8  5  5
  6  4  3  5  3  5  4  6
  2  0  4  8  2  9  2  6
  6  2  7  2  9  9  0  1
  6  5  3  7  1  0  9  3
  7  9  0  1  4 *3 *1  9
  4  4  0  8  2 *3  2  8
  1  8  7  6  7 *0 *3  8
----------  65 ----------
  5  1  0  7  1  8  5  5
  6  4  3  5  3  5  4  6
  2  0  4  8  2  9  2  6
  6  2  7  2  9  9  0  1
  6  5  3  7  1  0  9  3
  7  9  0 *1 *4  3  1  9
  4  4  0  8 *2 *3  2  8
  1  8  7  6  7 *0  3  8
----------  66 ----------
  5  1  0  7  1  8  5  5
  6  4  3  5  3  5  4  6
  2  0  4  8  2  9  2  6
  6 *2  7  2  9  9  0  1
  6 *5 *3  7  1  0  9  3
  7  9 *0  1  4  3  1  9
  4  4 *0  8  2  3  2  8
  1  8  7  6  7  0  3  8
----------  67 ----------
  5  1  0  7  1  8  5  5
  6  4  3  5  3  5  4  6
  2  0  4  8  2  9  2  6
  6  2  7  2  9  9  0  1
  6  5  3  7 *1 *0  9  3
  7  9  0  1 *4  3  1  9
  4  4  0  8 *2 *3  2  8
  1  8  7  6  7  0  3  8
----------  68 ----------
  5  1  0  7  1  8  5  5
  6  4  3  5  3  5 *4  6
  2  0  4  8  2  9 *2  6
  6  2  7  2  9  9 *0 *1
  6  5  3  7  1  0  9 *3
  7  9  0  1  4  3  1  9
  4  4  0  8  2  3  2  8
  1  8  7  6  7  0  3  8
----------  69 ----------
 *5 *1 *0  7  1  8  5  5
  6 *4  3  5  3  5  4  6
  2 *0  4  8  2  9  2  6
  6  2  7  2  9  9  0  1
  6  5  3  7  1  0  9  3
  7  9  0  1  4  3  1  9
  4  4  0  8  2  3  2  8
  1  8  7  6  7  0  3  8
----------  70 ----------
  5  1  0  7  1  8  5  5
  6  4  3  5  3  5  4  6
  2 *0  4  8  2  9  2  6
  6 *2  7  2  9  9  0  1
  6 *5 *3  7  1  0  9  3
  7  9 *0  1  4  3  1  9
  4  4 *0  8  2  3  2  8
  1  8  7  6  7  0  3  8
----------  71 ----------
  5 *1 *0  7  1  8  5  5
  6 *4 *3  5  3  5  4  6
  2 *0  4  8  2  9  2  6
  6 *2  7  2  9  9  0  1
  6  5  3  7  1  0  9  3
  7  9  0  1  4  3  1  9
  4  4  0  8  2  3  2  8
  1  8  7  6  7  0  3  8
----------  72 ----------
  5  1  0  7  1  8  5  5
  6  4  3  5  3  5  4  6
  2  0  4  8  2  9  2  6
  6  2  7  2  9  9  0  1
  6  5  3  7 *1 *0  9  3
  7  9  0  1  4 *3 *1  9
  4  4  0  8  2  3 *2  8
  1  8  7  6  7  0 *3  8
----------  73 ----------
  5  1  0  7  1  8  5  5
  6  4  3  5  3  5  4  6
  2  0  4  8  2  9  2  6
  6  2  7  2  9  9  0  1
  6  5  3  7 *1 *0  9  3
  7  9  0  1  4 *3 *1  9
  4  4  0  8  2 *3 *2  8
  1  8  7  6  7  0  3  8
----------  74 ----------
  5  1  0  7  1  8  5  5
  6  4  3  5  3  5  4  6
  2  0  4  8  2  9  2  6
  6  2  7  2  9  9  0  1
  6  5  3  7  1  0  9  3
  7  9 *0 *1 *4 *3  1  9
  4  4 *0  8 *2  3  2  8
  1  8  7  6  7  0  3  8
----------  75 ----------
  5  1  0  7  1  8  5  5
  6  4  3  5  3  5  4  6
  2  0  4  8  2  9  2  6
  6  2  7  2  9  9  0  1
  6  5 *3  7  1  0  9  3
  7  9 *0 *1 *4  3  1  9
  4  4 *0  8 *2  3  2  8
  1  8  7  6  7  0  3  8
----------  76 ----------
  5  1  0  7  1  8  5  5
  6  4  3  5  3  5  4  6
  2  0  4  8  2  9  2  6
  6  2  7  2  9  9  0  1
  6  5  3  7  1  0  9  3
  7  9 *0 *1 *4  3  1  9
  4  4  0  8 *2 *3  2  8
  1  8  7  6  7 *0  3  8
----------  77 ----------
  5  1  0  7  1  8  5  5
  6  4  3  5  3  5  4  6
  2  0  4  8  2  9  2  6
  6  2  7  2  9  9  0  1
  6  5  3  7 *1 *0  9  3
  7  9  0  1  4 *3  1  9
  4  4  0  8  2 *3  2  8
  1  8  7  6  7 *0 *3  8
----------  78 ----------
  5  1  0  7  1  8  5  5
  6  4  3  5  3  5  4  6
  2  0  4  8  2  9  2  6
  6  2  7  2  9  9  0  1
  6  5  3  7 *1 *0  9  3
  7  9  0  1 *4  3  1  9
  4  4  0  8 *2 *3  2  8
  1  8  7  6  7 *0  3  8
----------  79 ----------
  5  1  0  7  1  8  5  5
  6  4  3  5  3  5  4  6
  2  0  4  8  2  9  2  6
  6  2  7  2  9  9  0  1
  6  5  3  7  1 *0  9  3
  7  9  0  1  4 *3 *1  9
  4  4  0  8  2 *3  2  8
  1  8  7  6  7 *0 *3  8
----------  80 ----------
  5  1  0  7  1  8  5  5
  6  4  3  5  3  5  4  6
  2  0  4  8  2  9  2  6
  6  2  7  2  9  9  0  1
  6  5  3  7  1  0  9  3
  7  9 *0 *1 *4  3  1  9
  4  4 *0  8 *2 *3  2  8
  1  8  7  6  7  0  3  8
----------  81 ----------
  5  1  0  7  1  8  5  5
  6  4  3  5  3  5  4  6
  2  0  4  8  2  9  2  6
  6  2  7  2  9  9  0  1
  6  5  3  7 *1 *0  9  3
  7  9  0  1  4 *3 *1  9
  4  4  0  8  2 *3 *2  8
  1  8  7  6  7 *0  3  8
----------  82 ----------
  5  1  0  7  1  8  5  5
  6  4  3  5  3  5  4  6
  2  0  4  8  2  9  2  6
  6  2  7  2  9  9  0  1
  6  5  3  7  1  0  9  3
  7  9 *0 *1 *4  3  1  9
  4  4 *0  8 *2 *3  2  8
  1  8  7  6  7 *0  3  8
-----------------------------
